#for eos = ./eos_tables/eosDD2F-SF.lorene 
#Grav_Mass (solar mass) Radius (km) Lambda (dimensionless) rhoc (gm/cm^3) Compactness (dimensionless) Baryon_Mass (solar mass) 
1.22  12.5024  1012.0150  7.1680e+14  0.1444  1.38
1.27  12.4723  815.9855  7.2837e+14  0.1498  1.44
1.32  12.4345  628.6758  7.2329e+14  0.1565  1.51
1.39  12.4085  459.5016  7.0914e+14  0.1650  1.60
1.47  12.3948  329.0451  7.0877e+14  0.1745  1.70
1.54  12.3948  245.4404  7.3885e+14  0.1834  1.80
1.59  12.3902  200.9858  7.9925e+14  0.1894  1.87
1.62  12.3845  181.0107  8.6488e+14  0.1926  1.91
1.63  12.3919  174.7789  8.9835e+14  0.1938  1.93
1.62  12.3753  174.0910  9.0079e+14  0.1937  1.92
1.62  12.3793  175.2267  8.9542e+14  0.1936  1.92
1.62  12.3763  173.5126  9.0737e+14  0.1939  1.92
1.63  12.3665  165.8193  9.6530e+14  0.1952  1.94
1.65  12.3434  153.7340  1.0919e+15  0.1975  1.96
1.66  12.2758  142.5269  1.2422e+15  0.1992  1.97
1.66  12.1701  130.5815  1.3350e+15  0.2010  1.98
1.65  12.0165  116.3376  1.3287e+15  0.2033  1.99
1.66  11.7885  92.8365  1.2573e+15  0.2084  2.01
1.71  11.5445  64.9968  1.1929e+15  0.2181  2.09
1.76  11.3296  44.4751  1.1812e+15  0.2291  2.19
1.82  11.1691  30.7713  1.2084e+15  0.2406  2.29
1.89  11.0661  22.1837  1.2577e+15  0.2516  2.41
1.98  11.1350  16.8822  1.3171e+15  0.2622  2.56
1.97  10.8615  13.4956  1.3778e+15  0.2680  2.57
2.01  10.7964  11.1209  1.4333e+15  0.2747  2.64
2.04  10.7449  9.4472  1.4822e+15  0.2803  2.70
2.05  10.6326  8.1170  1.5270e+15  0.2848  2.73
2.07  10.5647  7.0937  1.5697e+15  0.2891  2.77
2.08  10.5063  6.3021  1.6123e+15  0.2930  2.81
2.11  10.5063  5.7321  1.6565e+15  0.2967  2.86
2.10  10.3316  5.0061  1.7039e+15  0.2998  2.86
2.11  10.3013  4.5875  1.7545e+15  0.3028  2.89
2.10  10.1452  3.9995  1.8077e+15  0.3058  2.89
2.12  10.1640  3.8383  1.8633e+15  0.3079  2.93
2.12  10.0972  3.5428  1.9209e+15  0.3101  2.94
2.10  9.9349  3.1336  1.9798e+15  0.3126  2.93
2.12  9.9913  3.1012  2.0400e+15  0.3139  2.97
2.13  9.9542  2.9409  2.1016e+15  0.3154  2.99
2.10  9.7546  2.5737  2.1647e+15  0.3179  2.96
2.11  9.7515  2.5254  2.2296e+15  0.3188  2.98
2.11  9.7479  2.4773  2.2964e+15  0.3195  2.99
2.09  9.6256  2.2903  2.3654e+15  0.3209  2.98
2.08  9.5531  2.1804  2.4366e+15  0.3219  2.97
2.07  9.5014  2.1073  2.5100e+15  0.3225  2.97
2.06  9.4287  2.0188  2.5858e+15  0.3232  2.96
2.06  9.4140  1.9988  2.6639e+15  0.3234  2.97
2.05  9.3556  1.9405  2.7443e+15  0.3238  2.96
2.04  9.2945  1.8848  2.8271e+15  0.3240  2.95
2.02  9.1876  1.7932  2.9123e+15  0.3247  2.93
2.01  9.1396  1.7630  3.0001e+15  0.3246  2.92
