#for eos = ../eos_tables/eosSLy.lorene
#Grav_Mass (solar mass) Radius (km) Lambda (dimensionless) rhoc (gm/cm^3) Compactness (dimensionless) Baryon_Mass (solar mass)
0.8087  11.9593  7224.8276  6.0000e+14  0.0999  0.8800
0.8144  11.9573  6968.6576  6.0255e+14  0.1006  0.8867
0.8201  11.9552  6721.9957  6.0512e+14  0.1013  0.8935
0.8259  11.9532  6484.4165  6.0770e+14  0.1020  0.9003
0.8317  11.9512  6255.4799  6.1028e+14  0.1028  0.9071
0.8374  11.9492  6034.8924  6.1288e+14  0.1035  0.9139
0.8432  11.9473  5822.3808  6.1549e+14  0.1042  0.9208
0.8491  11.9455  5617.6205  6.1811e+14  0.1050  0.9277
0.8549  11.9437  5420.3518  6.2075e+14  0.1057  0.9347
0.8608  11.9419  5230.2706  6.2339e+14  0.1064  0.9417
0.8667  11.9401  5047.0805  6.2604e+14  0.1072  0.9487
0.8726  11.9383  4870.5152  6.2871e+14  0.1079  0.9558
0.8785  11.9366  4700.3458  6.3139e+14  0.1087  0.9629
0.8845  11.9349  4536.3311  6.3407e+14  0.1094  0.9700
0.8905  11.9332  4378.2260  6.3677e+14  0.1102  0.9771
0.8964  11.9314  4225.8289  6.3949e+14  0.1109  0.9843
0.9025  11.9296  4078.9326  6.4221e+14  0.1117  0.9915
0.9085  11.9279  3937.3477  6.4494e+14  0.1125  0.9988
0.9145  11.9263  3800.8315  6.4769e+14  0.1132  1.0061
0.9206  11.9247  3669.2698  6.5045e+14  0.1140  1.0134
0.9267  11.9231  3542.4607  6.5322e+14  0.1148  1.0208
0.9328  11.9214  3420.0297  6.5600e+14  0.1155  1.0281
0.9389  11.9198  3302.0729  6.5879e+14  0.1163  1.0356
0.9451  11.9181  3188.3402  6.6160e+14  0.1171  1.0430
0.9512  11.9165  3078.6653  6.6441e+14  0.1179  1.0505
0.9574  11.9150  2972.9884  6.6724e+14  0.1186  1.0580
0.9636  11.9134  2870.9047  6.7008e+14  0.1194  1.0656
0.9697  11.9119  2773.1719  6.7294e+14  0.1202  1.0731
0.9759  11.9103  2679.0831  6.7580e+14  0.1210  1.0806
0.9821  11.9086  2588.2766  6.7868e+14  0.1218  1.0882
0.9883  11.9070  2500.6714  6.8157e+14  0.1226  1.0958
0.9945  11.9053  2416.2422  6.8447e+14  0.1234  1.1035
1.0008  11.9041  2336.9930  6.8739e+14  0.1241  1.1111
1.0070  11.9021  2256.2197  6.9031e+14  0.1249  1.1188
1.0133  11.9006  2180.4030  6.9325e+14  0.1257  1.1265
1.0195  11.8990  2107.2587  6.9621e+14  0.1265  1.1343
1.0258  11.8974  2036.6994  6.9917e+14  0.1273  1.1420
1.0321  11.8957  1968.6571  7.0215e+14  0.1281  1.1498
1.0384  11.8940  1902.9608  7.0514e+14  0.1289  1.1576
1.0447  11.8923  1839.5786  7.0814e+14  0.1297  1.1655
1.0511  11.8906  1778.3862  7.1116e+14  0.1305  1.1733
1.0574  11.8888  1719.3443  7.1418e+14  0.1313  1.1812
1.0637  11.8871  1662.3390  7.1722e+14  0.1321  1.1892
1.0701  11.8854  1607.3376  7.2028e+14  0.1329  1.1971
1.0765  11.8836  1554.2242  7.2335e+14  0.1338  1.2051
1.0828  11.8817  1502.9922  7.2643e+14  0.1346  1.2131
1.0892  11.8798  1453.4885  7.2952e+14  0.1354  1.2211
1.0956  11.8779  1405.7401  7.3262e+14  0.1362  1.2292
1.1020  11.8760  1359.5847  7.3574e+14  0.1370  1.2372
1.1084  11.8740  1315.0839  7.3888e+14  0.1378  1.2453
1.1148  11.8721  1272.0381  7.4202e+14  0.1387  1.2534
1.1213  11.8701  1230.5095  7.4518e+14  0.1395  1.2616
1.1277  11.8682  1190.3938  7.4836e+14  0.1403  1.2698
1.1341  11.8661  1151.6557  7.5154e+14  0.1411  1.2779
1.1406  11.8641  1114.2745  7.5474e+14  0.1420  1.2862
1.1471  11.8620  1078.0888  7.5796e+14  0.1428  1.2944
1.1535  11.8598  1043.1848  7.6118e+14  0.1436  1.3027
1.1600  11.8576  1009.5118  7.6443e+14  0.1445  1.3109
1.1665  11.8553  976.8908  7.6768e+14  0.1453  1.3192
1.1729  11.8531  945.4061  7.7095e+14  0.1461  1.3276
1.1794  11.8508  915.0289  7.7423e+14  0.1470  1.3359
1.1859  11.8488  886.5192  7.7753e+14  0.1478  1.3443
1.1924  11.8462  857.2388  7.8084e+14  0.1486  1.3527
1.1989  11.8438  829.8013  7.8416e+14  0.1495  1.3611
1.2054  11.8413  803.3068  7.8750e+14  0.1503  1.3695
1.2119  11.8389  777.8199  7.9086e+14  0.1512  1.3779
1.2184  11.8364  753.2495  7.9422e+14  0.1520  1.3863
1.2248  11.8338  729.5167  7.9761e+14  0.1528  1.3948
1.2313  11.8312  706.6044  8.0100e+14  0.1537  1.4032
1.2377  11.8285  684.4097  8.0441e+14  0.1545  1.4116
1.2442  11.8259  662.9975  8.0784e+14  0.1554  1.4201
1.2506  11.8232  642.2805  8.1128e+14  0.1562  1.4286
1.2571  11.8204  622.2623  8.1473e+14  0.1570  1.4371
1.2635  11.8177  602.9265  8.1820e+14  0.1579  1.4456
1.2700  11.8148  584.2202  8.2169e+14  0.1587  1.4541
1.2764  11.8120  566.1194  8.2518e+14  0.1596  1.4626
1.2829  11.8090  548.6187  8.2870e+14  0.1604  1.4711
1.2893  11.8061  531.7073  8.3223e+14  0.1613  1.4797
1.2957  11.8030  515.3553  8.3577e+14  0.1621  1.4883
1.3021  11.7999  499.5301  8.3933e+14  0.1629  1.4968
1.3086  11.7967  484.2271  8.4290e+14  0.1638  1.5054
1.3150  11.7935  469.4213  8.4649e+14  0.1646  1.5140
1.3214  11.7903  455.1063  8.5010e+14  0.1655  1.5226
1.3278  11.7870  441.2572  8.5372e+14  0.1663  1.5312
1.3342  11.7837  427.8487  8.5735e+14  0.1672  1.5398
1.3406  11.7802  414.8726  8.6100e+14  0.1680  1.5485
1.3470  11.7768  402.3164  8.6467e+14  0.1689  1.5571
1.3533  11.7732  390.1722  8.6835e+14  0.1697  1.5658
1.3597  11.7696  378.4157  8.7205e+14  0.1706  1.5744
1.3661  11.7659  367.0419  8.7576e+14  0.1714  1.5831
1.3724  11.7623  356.0297  8.7949e+14  0.1723  1.5918
1.3788  11.7586  345.3739  8.8323e+14  0.1731  1.6004
1.3851  11.7547  335.0548  8.8700e+14  0.1740  1.6091
1.3915  11.7508  325.0679  8.9077e+14  0.1749  1.6178
1.3978  11.7468  315.3973  8.9457e+14  0.1757  1.6265
1.4041  11.7429  306.0377  8.9837e+14  0.1766  1.6352
1.4104  11.7388  296.9761  9.0220e+14  0.1774  1.6440
1.4167  11.7348  288.2056  9.0604e+14  0.1783  1.6527
1.4230  11.7308  279.9802  9.0990e+14  0.1791  1.6614
1.4292  11.7265  271.4504  9.1377e+14  0.1800  1.6701
1.4355  11.7224  263.7429  9.1766e+14  0.1808  1.6789
1.4417  11.7180  255.7463  9.2157e+14  0.1817  1.6876
1.4480  11.7135  248.2640  9.2550e+14  0.1825  1.6964
1.4542  11.7092  241.0496  9.2944e+14  0.1834  1.7051
1.4603  11.7047  234.0835  9.3339e+14  0.1842  1.7138
1.4665  11.7002  227.3414  9.3737e+14  0.1851  1.7224
1.4726  11.6956  220.8126  9.4136e+14  0.1859  1.7311
1.4787  11.6909  214.4932  9.4537e+14  0.1868  1.7398
1.4848  11.6862  208.3572  9.4939e+14  0.1876  1.7484
1.4909  11.6814  202.4155  9.5344e+14  0.1885  1.7571
1.4969  11.6766  196.6610  9.5750e+14  0.1893  1.7657
1.5030  11.6717  191.0824  9.6157e+14  0.1901  1.7744
1.5090  11.6668  185.6878  9.6567e+14  0.1910  1.7830
1.5150  11.6617  180.4566  9.6978e+14  0.1918  1.7916
1.5210  11.6567  175.3775  9.7391e+14  0.1927  1.8003
1.5269  11.6515  170.4529  9.7806e+14  0.1935  1.8089
1.5329  11.6463  165.6883  9.8222e+14  0.1943  1.8175
1.5388  11.6410  161.0650  9.8640e+14  0.1952  1.8261
1.5447  11.6355  156.5891  9.9060e+14  0.1960  1.8347
1.5505  11.6302  152.2362  9.9482e+14  0.1969  1.8433
1.5564  11.6247  148.0218  9.9906e+14  0.1977  1.8519
1.5622  11.6191  143.9361  1.0033e+15  0.1985  1.8604
1.5680  11.6136  139.9740  1.0076e+15  0.1994  1.8690
1.5738  11.6079  136.1252  1.0119e+15  0.2002  1.8775
1.5796  11.6022  132.3984  1.0162e+15  0.2010  1.8861
1.5853  11.5964  128.7787  1.0205e+15  0.2019  1.8946
1.5910  11.5904  125.2721  1.0249e+15  0.2027  1.9031
1.5967  11.5845  121.8638  1.0292e+15  0.2035  1.9116
1.6024  11.5784  118.5626  1.0336e+15  0.2044  1.9201
1.6081  11.5724  115.3513  1.0380e+15  0.2052  1.9286
1.6137  11.5663  112.2439  1.0424e+15  0.2060  1.9371
1.6193  11.5601  109.2811  1.0469e+15  0.2068  1.9455
1.6249  11.5539  106.3445  1.0513e+15  0.2077  1.9540
1.6304  11.5476  103.6178  1.0558e+15  0.2085  1.9624
1.6359  11.5412  100.7376  1.0603e+15  0.2093  1.9708
1.6414  11.5347  98.0511  1.0648e+15  0.2101  1.9792
1.6469  11.5282  95.4545  1.0693e+15  0.2110  1.9876
1.6524  11.5216  92.9211  1.0739e+15  0.2118  1.9960
1.6578  11.5149  90.4619  1.0785e+15  0.2126  2.0044
1.6632  11.5082  88.0854  1.0831e+15  0.2134  2.0127
1.6686  11.5014  85.7637  1.0877e+15  0.2142  2.0210
1.6739  11.4946  83.5204  1.0923e+15  0.2150  2.0293
1.6792  11.4877  81.3588  1.0970e+15  0.2158  2.0376
1.6844  11.4809  79.3374  1.1016e+15  0.2166  2.0458
1.6897  11.4738  77.2111  1.1063e+15  0.2175  2.0540
1.6948  11.4668  75.2300  1.1110e+15  0.2183  2.0621
1.7000  11.4596  73.3017  1.1158e+15  0.2191  2.0702
1.7051  11.4525  71.4376  1.1205e+15  0.2198  2.0784
1.7102  11.4453  69.6151  1.1253e+15  0.2206  2.0864
1.7153  11.4379  67.8516  1.1301e+15  0.2214  2.0945
1.7203  11.4305  66.1381  1.1349e+15  0.2222  2.1025
1.7253  11.4231  64.4718  1.1397e+15  0.2230  2.1105
1.7302  11.4156  62.8577  1.1446e+15  0.2238  2.1185
1.7351  11.4080  61.2816  1.1494e+15  0.2246  2.1265
1.7400  11.4004  59.7551  1.1543e+15  0.2254  2.1344
1.7449  11.3928  58.2672  1.1593e+15  0.2262  2.1423
1.7497  11.3849  56.8233  1.1642e+15  0.2269  2.1502
1.7545  11.3771  55.4203  1.1691e+15  0.2277  2.1580
1.7593  11.3692  54.0547  1.1741e+15  0.2285  2.1658
1.7640  11.3612  52.7307  1.1791e+15  0.2293  2.1736
1.7687  11.3532  51.4383  1.1841e+15  0.2300  2.1814
1.7733  11.3452  50.1879  1.1892e+15  0.2308  2.1891
1.7779  11.3370  48.9643  1.1942e+15  0.2316  2.1968
1.7825  11.3288  47.7816  1.1993e+15  0.2323  2.2045
1.7871  11.3205  46.6226  1.2044e+15  0.2331  2.2121
1.7916  11.3123  45.5033  1.2096e+15  0.2339  2.2197
1.7961  11.3039  44.4069  1.2147e+15  0.2346  2.2273
1.8005  11.2954  43.3472  1.2199e+15  0.2354  2.2349
1.8049  11.2870  42.3576  1.2251e+15  0.2361  2.2424
1.8093  11.2784  41.3065  1.2303e+15  0.2369  2.2499
1.8137  11.2697  40.3233  1.2355e+15  0.2376  2.2574
1.8180  11.2610  39.3734  1.2408e+15  0.2384  2.2648
1.8222  11.2523  38.4419  1.2461e+15  0.2391  2.2722
1.8265  11.2435  37.5424  1.2514e+15  0.2399  2.2796
1.8307  11.2346  36.6589  1.2567e+15  0.2406  2.2869
1.8349  11.2256  35.8057  1.2621e+15  0.2414  2.2942
1.8390  11.2165  34.9693  1.2674e+15  0.2421  2.3015
1.8431  11.2075  34.1601  1.2728e+15  0.2428  2.3087
1.8471  11.1984  33.3681  1.2783e+15  0.2436  2.3159
1.8512  11.1892  32.6003  1.2837e+15  0.2443  2.3231
1.8551  11.1801  31.8578  1.2892e+15  0.2450  2.3302
1.8590  11.1709  31.1340  1.2947e+15  0.2457  2.3372
1.8629  11.1617  30.4324  1.3002e+15  0.2465  2.3442
1.8668  11.1524  29.7450  1.3057e+15  0.2472  2.3512
1.8705  11.1430  29.0813  1.3113e+15  0.2479  2.3581
1.8743  11.1336  28.4293  1.3169e+15  0.2486  2.3650
1.8780  11.1242  27.7972  1.3225e+15  0.2493  2.3718
1.8817  11.1147  27.1811  1.3281e+15  0.2500  2.3786
1.8853  11.1051  26.5797  1.3337e+15  0.2507  2.3854
1.8889  11.0955  25.9973  1.3394e+15  0.2514  2.3921
1.8925  11.0859  25.4267  1.3451e+15  0.2521  2.3988
1.8960  11.0761  24.8730  1.3509e+15  0.2528  2.4054
1.8995  11.0664  24.3601  1.3566e+15  0.2535  2.4120
1.9029  11.0566  23.8037  1.3624e+15  0.2541  2.4185
1.9063  11.0467  23.2915  1.3682e+15  0.2548  2.4250
1.9097  11.0367  22.7906  1.3740e+15  0.2555  2.4315
1.9130  11.0267  22.3031  1.3799e+15  0.2562  2.4379
1.9163  11.0166  21.8275  1.3857e+15  0.2569  2.4443
1.9195  11.0066  21.3627  1.3916e+15  0.2575  2.4506
1.9227  10.9965  20.9118  1.3976e+15  0.2582  2.4569
1.9259  10.9863  20.4706  1.4035e+15  0.2588  2.4631
1.9290  10.9760  20.0406  1.4095e+15  0.2595  2.4693
1.9321  10.9657  19.6209  1.4155e+15  0.2602  2.4755
1.9351  10.9554  19.2122  1.4215e+15  0.2608  2.4816
1.9381  10.9451  18.8138  1.4276e+15  0.2615  2.4877
1.9411  10.9346  18.4236  1.4337e+15  0.2621  2.4937
1.9440  10.9241  18.0653  1.4398e+15  0.2628  2.4997
1.9469  10.9136  17.6749  1.4459e+15  0.2634  2.5057
1.9497  10.9030  17.3118  1.4520e+15  0.2641  2.5116
1.9525  10.8921  16.9791  1.4582e+15  0.2647  2.5174
1.9553  10.8814  16.6357  1.4644e+15  0.2653  2.5232
1.9580  10.8706  16.2788  1.4707e+15  0.2660  2.5290
1.9607  10.8599  15.9505  1.4769e+15  0.2666  2.5347
1.9634  10.8490  15.6315  1.4832e+15  0.2672  2.5404
1.9660  10.8382  15.3176  1.4895e+15  0.2679  2.5461
1.9686  10.8273  15.0123  1.4959e+15  0.2685  2.5517
1.9711  10.8163  14.7157  1.5022e+15  0.2691  2.5572
1.9736  10.8054  14.4227  1.5086e+15  0.2697  2.5627
1.9761  10.7945  14.1421  1.5151e+15  0.2703  2.5682
1.9785  10.7835  13.8690  1.5215e+15  0.2709  2.5735
1.9808  10.7726  13.5991  1.5280e+15  0.2715  2.5788
1.9831  10.7616  13.3383  1.5345e+15  0.2721  2.5841
1.9854  10.7505  13.0831  1.5410e+15  0.2727  2.5893
1.9876  10.7394  12.8334  1.5476e+15  0.2733  2.5945
1.9898  10.7283  12.5904  1.5542e+15  0.2739  2.5996
1.9920  10.7171  12.3527  1.5608e+15  0.2745  2.6047
1.9941  10.7060  12.1361  1.5675e+15  0.2750  2.6097
1.9962  10.6948  11.8934  1.5741e+15  0.2756  2.6146
1.9982  10.6835  11.6725  1.5808e+15  0.2762  2.6196
2.0002  10.6722  11.4569  1.5876e+15  0.2768  2.6244
2.0022  10.6609  11.2448  1.5943e+15  0.2773  2.6292
2.0041  10.6496  11.0521  1.6011e+15  0.2779  2.6340
2.0060  10.6382  10.8502  1.6079e+15  0.2784  2.6387
2.0078  10.6267  10.6409  1.6148e+15  0.2790  2.6434
2.0096  10.6153  10.4469  1.6217e+15  0.2795  2.6480
2.0113  10.6038  10.2718  1.6286e+15  0.2801  2.6526
2.0131  10.5923  10.0750  1.6355e+15  0.2806  2.6571
2.0147  10.5807  9.8957  1.6425e+15  0.2812  2.6615
2.0164  10.5691  9.7190  1.6495e+15  0.2817  2.6660
2.0180  10.5575  9.5475  1.6565e+15  0.2822  2.6703
2.0196  10.5458  9.3794  1.6635e+15  0.2828  2.6747
2.0211  10.5342  9.2266  1.6706e+15  0.2833  2.6789
2.0226  10.5224  9.0537  1.6777e+15  0.2838  2.6831
2.0240  10.5107  8.9078  1.6849e+15  0.2844  2.6873
2.0254  10.4989  8.7429  1.6920e+15  0.2849  2.6914
2.0268  10.4870  8.5928  1.6992e+15  0.2854  2.6955
2.0282  10.4752  8.4553  1.7065e+15  0.2859  2.6996
2.0295  10.4634  8.3013  1.7137e+15  0.2864  2.7035
2.0307  10.4515  8.1600  1.7210e+15  0.2869  2.7075
2.0320  10.4396  8.0329  1.7284e+15  0.2874  2.7114
2.0332  10.4276  7.8871  1.7357e+15  0.2879  2.7152
2.0343  10.4156  7.7552  1.7431e+15  0.2884  2.7190
2.0355  10.4037  7.6355  1.7505e+15  0.2889  2.7227
2.0366  10.3917  7.5087  1.7580e+15  0.2894  2.7264
2.0376  10.3796  7.3754  1.7655e+15  0.2899  2.7301
2.0386  10.3675  7.2538  1.7730e+15  0.2904  2.7337
2.0396  10.3556  7.1366  1.7806e+15  0.2908  2.7372
2.0406  10.3436  7.0219  1.7881e+15  0.2913  2.7407
2.0415  10.3316  6.9100  1.7958e+15  0.2918  2.7441
2.0423  10.3196  6.7997  1.8034e+15  0.2922  2.7474
2.0432  10.3076  6.6920  1.8111e+15  0.2927  2.7508
2.0440  10.2956  6.5870  1.8188e+15  0.2932  2.7540
2.0447  10.2836  6.4841  1.8265e+15  0.2936  2.7572
2.0455  10.2715  6.3836  1.8343e+15  0.2941  2.7604
2.0462  10.2595  6.2845  1.8421e+15  0.2945  2.7635
2.0468  10.2474  6.1878  1.8500e+15  0.2949  2.7665
2.0474  10.2353  6.0934  1.8578e+15  0.2954  2.7696
2.0480  10.2231  6.0011  1.8658e+15  0.2958  2.7725
2.0486  10.2110  5.9179  1.8737e+15  0.2963  2.7754
2.0491  10.1988  5.8213  1.8817e+15  0.2967  2.7783
2.0496  10.1867  5.7342  1.8897e+15  0.2971  2.7811
2.0501  10.1745  5.6491  1.8977e+15  0.2975  2.7838
2.0505  10.1615  5.5729  1.9058e+15  0.2980  2.7866
2.0509  10.1502  5.4842  1.9139e+15  0.2984  2.7892
2.0512  10.1380  5.4107  1.9221e+15  0.2988  2.7918
2.0515  10.1249  5.3319  1.9303e+15  0.2992  2.7944
2.0518  10.1135  5.2483  1.9385e+15  0.2996  2.7969
2.0521  10.1004  5.1797  1.9467e+15  0.3000  2.7994
2.0523  10.0882  5.1059  1.9550e+15  0.3004  2.8018
2.0525  10.0767  5.0271  1.9634e+15  0.3008  2.8042
2.0527  10.0644  4.9621  1.9717e+15  0.3012  2.8065
2.0528  10.0513  4.8922  1.9801e+15  0.3016  2.8088
2.0529  10.0390  4.8239  1.9885e+15  0.3020  2.8110
2.0530  10.0267  4.7571  1.9970e+15  0.3023  2.8132
2.0530  10.0152  4.6914  2.0055e+15  0.3027  2.8153
2.0530  10.0020  4.6273  2.0140e+15  0.3031  2.8174
2.0530  9.9897  4.5636  2.0226e+15  0.3035  2.8195
2.0529  9.9774  4.5017  2.0312e+15  0.3038  2.8215
2.0529  9.9650  4.4412  2.0399e+15  0.3042  2.8234
2.0527  9.9526  4.3814  2.0486e+15  0.3046  2.8254
2.0526  9.9403  4.3232  2.0573e+15  0.3049  2.8272
2.0524  9.9279  4.2662  2.0661e+15  0.3053  2.8291
2.0523  9.9155  4.2096  2.0749e+15  0.3056  2.8308
2.0520  9.9031  4.1539  2.0837e+15  0.3060  2.8326
2.0518  9.8909  4.1004  2.0926e+15  0.3063  2.8343
2.0515  9.8787  4.0483  2.1015e+15  0.3067  2.8359
2.0512  9.8665  3.9969  2.1104e+15  0.3070  2.8375
2.0509  9.8543  3.9468  2.1194e+15  0.3073  2.8390
2.0505  9.8421  3.8979  2.1284e+15  0.3076  2.8405
2.0502  9.8299  3.8495  2.1375e+15  0.3080  2.8420
2.0498  9.8177  3.8016  2.1466e+15  0.3083  2.8434
2.0493  9.8056  3.7550  2.1557e+15  0.3086  2.8447
2.0489  9.7934  3.7096  2.1649e+15  0.3089  2.8460
2.0484  9.7812  3.6649  2.1741e+15  0.3092  2.8473
2.0479  9.7691  3.6209  2.1834e+15  0.3095  2.8485
2.0473  9.7569  3.5781  2.1927e+15  0.3098  2.8497
2.0467  9.7447  3.5362  2.2020e+15  0.3101  2.8508
2.0462  9.7326  3.4946  2.2114e+15  0.3104  2.8519
2.0455  9.7205  3.4536  2.2208e+15  0.3107  2.8530
2.0449  9.7083  3.4135  2.2303e+15  0.3110  2.8540
2.0442  9.6962  3.3744  2.2398e+15  0.3113  2.8550
2.0435  9.6841  3.3360  2.2493e+15  0.3116  2.8559
2.0428  9.6720  3.2982  2.2589e+15  0.3119  2.8568
2.0421  9.6598  3.2612  2.2685e+15  0.3122  2.8576
2.0413  9.6477  3.2251  2.2782e+15  0.3124  2.8584
2.0405  9.6356  3.1897  2.2879e+15  0.3127  2.8592
2.0397  9.6235  3.1545  2.2976e+15  0.3130  2.8599
2.0389  9.6114  3.1198  2.3074e+15  0.3132  2.8606
2.0380  9.5993  3.0858  2.3172e+15  0.3135  2.8612
2.0371  9.5873  3.0526  2.3271e+15  0.3138  2.8618
2.0362  9.5752  3.0201  2.3370e+15  0.3140  2.8623
2.0353  9.5631  2.9880  2.3469e+15  0.3143  2.8629
2.0343  9.5510  2.9566  2.3569e+15  0.3145  2.8633
2.0334  9.5390  2.9257  2.3670e+15  0.3148  2.8638
2.0324  9.5269  2.8956  2.3770e+15  0.3150  2.8642
2.0313  9.5149  2.8660  2.3872e+15  0.3152  2.8646
2.0303  9.5028  2.8368  2.3973e+15  0.3155  2.8649
2.0293  9.4908  2.8077  2.4075e+15  0.3157  2.8652
2.0282  9.4788  2.7793  2.4178e+15  0.3160  2.8654
2.0271  9.4668  2.7514  2.4281e+15  0.3162  2.8657
2.0260  9.4548  2.7241  2.4384e+15  0.3164  2.8658
2.0248  9.4428  2.6973  2.4488e+15  0.3166  2.8660
2.0237  9.4309  2.6711  2.4592e+15  0.3169  2.8661
2.0225  9.4192  2.6457  2.4697e+15  0.3171  2.8662
2.0213  9.4075  2.6209  2.4802e+15  0.3173  2.8662
2.0202  9.3958  2.5966  2.4908e+15  0.3175  2.8662
2.0190  9.3841  2.5727  2.5014e+15  0.3177  2.8662
2.0177  9.3724  2.5494  2.5120e+15  0.3179  2.8661
2.0165  9.3608  2.5261  2.5227e+15  0.3181  2.8661
2.0152  9.3492  2.5032  2.5335e+15  0.3183  2.8659
2.0139  9.3376  2.4807  2.5443e+15  0.3185  2.8657
2.0126  9.3260  2.4587  2.5551e+15  0.3187  2.8655
2.0113  9.3145  2.4371  2.5660e+15  0.3189  2.8653
2.0100  9.3030  2.4160  2.5769e+15  0.3190  2.8650
2.0086  9.2915  2.3952  2.5879e+15  0.3192  2.8647
2.0073  9.2800  2.3748  2.5989e+15  0.3194  2.8644
2.0059  9.2685  2.3547  2.6100e+15  0.3196  2.8640
2.0045  9.2571  2.3350  2.6211e+15  0.3197  2.8636
2.0031  9.2456  2.3157  2.6322e+15  0.3199  2.8632
2.0016  9.2342  2.2968  2.6434e+15  0.3201  2.8627
2.0002  9.2228  2.2783  2.6547e+15  0.3202  2.8622
1.9987  9.2114  2.2601  2.6660e+15  0.3204  2.8617
1.9972  9.2001  2.2422  2.6774e+15  0.3206  2.8611
1.9957  9.1887  2.2244  2.6888e+15  0.3207  2.8605
1.9942  9.1774  2.2069  2.7002e+15  0.3209  2.8599
1.9927  9.1661  2.1897  2.7117e+15  0.3210  2.8592
1.9912  9.1548  2.1728  2.7233e+15  0.3212  2.8586
1.9896  9.1436  2.1563  2.7348e+15  0.3213  2.8578
1.9880  9.1324  2.1401  2.7465e+15  0.3214  2.8571
1.9864  9.1211  2.1241  2.7582e+15  0.3216  2.8563
1.9848  9.1100  2.1085  2.7699e+15  0.3217  2.8555
1.9832  9.0988  2.0931  2.7817e+15  0.3219  2.8547
1.9816  9.0876  2.0780  2.7936e+15  0.3220  2.8538
1.9800  9.0765  2.0631  2.8055e+15  0.3221  2.8529
1.9783  9.0654  2.0484  2.8174e+15  0.3222  2.8520
1.9766  9.0543  2.0341  2.8294e+15  0.3224  2.8511
1.9749  9.0432  2.0201  2.8415e+15  0.3225  2.8501
1.9733  9.0322  2.0063  2.8536e+15  0.3226  2.8491
1.9715  9.0211  1.9927  2.8657e+15  0.3227  2.8481
1.9698  9.0101  1.9794  2.8779e+15  0.3228  2.8471
1.9681  8.9992  1.9664  2.8902e+15  0.3229  2.8460
1.9664  8.9885  1.9539  2.9025e+15  0.3230  2.8449
1.9647  8.9778  1.9416  2.9148e+15  0.3231  2.8438
1.9630  8.9672  1.9295  2.9272e+15  0.3232  2.8427
1.9612  8.9566  1.9176  2.9397e+15  0.3233  2.8415
1.9595  8.9460  1.9057  2.9522e+15  0.3234  2.8404
1.9577  8.9354  1.8941  2.9648e+15  0.3235  2.8392
1.9560  8.9249  1.8827  2.9774e+15  0.3236  2.8380
1.9542  8.9144  1.8716  2.9901e+15  0.3237  2.8367
1.9524  8.9039  1.8607  3.0028e+15  0.3238  2.8355
1.9506  8.8935  1.8500  3.0156e+15  0.3239  2.8342
1.9488  8.8831  1.8395  3.0285e+15  0.3240  2.8329
1.9470  8.8727  1.8292  3.0414e+15  0.3240  2.8315
1.9452  8.8623  1.8191  3.0543e+15  0.3241  2.8302
1.9433  8.8520  1.8091  3.0673e+15  0.3242  2.8288
1.9415  8.8417  1.7994  3.0804e+15  0.3242  2.8274
1.9397  8.8315  1.7899  3.0935e+15  0.3243  2.8259
1.9378  8.8212  1.7806  3.1067e+15  0.3244  2.8245
1.9359  8.8110  1.7714  3.1199e+15  0.3244  2.8230
1.9340  8.8008  1.7624  3.1332e+15  0.3245  2.8215
1.9322  8.7907  1.7536  3.1465e+15  0.3246  2.8200
1.9303  8.7806  1.7450  3.1599e+15  0.3246  2.8185
1.9284  8.7705  1.7365  3.1734e+15  0.3247  2.8169
1.9265  8.7605  1.7282  3.1869e+15  0.3247  2.8154
1.9245  8.7505  1.7200  3.2004e+15  0.3248  2.8138
1.9226  8.7405  1.7120  3.2141e+15  0.3248  2.8122
1.9207  8.7305  1.7041  3.2278e+15  0.3249  2.8105
1.9187  8.7206  1.6964  3.2415e+15  0.3249  2.8089
1.9168  8.7107  1.6889  3.2553e+15  0.3249  2.8072
1.9148  8.7008  1.6815  3.2692e+15  0.3250  2.8055
1.9129  8.6910  1.6743  3.2831e+15  0.3250  2.8038
1.9109  8.6812  1.6672  3.2971e+15  0.3250  2.8021
1.9089  8.6714  1.6602  3.3111e+15  0.3251  2.8004
1.9070  8.6617  1.6534  3.3252e+15  0.3251  2.7986
1.9050  8.6520  1.6468  3.3394e+15  0.3251  2.7968
1.9030  8.6423  1.6403  3.3536e+15  0.3251  2.7950
1.9010  8.6326  1.6339  3.3679e+15  0.3252  2.7932
1.8990  8.6230  1.6277  3.3822e+15  0.3252  2.7914
1.8970  8.6135  1.6215  3.3966e+15  0.3252  2.7896
1.8950  8.6041  1.6157  3.4111e+15  0.3252  2.7877
1.8930  8.5948  1.6099  3.4256e+15  0.3252  2.7859
1.8910  8.5855  1.6043  3.4402e+15  0.3252  2.7841
1.8890  8.5762  1.5988  3.4548e+15  0.3252  2.7822
1.8870  8.5670  1.5935  3.4695e+15  0.3253  2.7803
1.8850  8.5578  1.5883  3.4843e+15  0.3253  2.7784
1.8830  8.5487  1.5832  3.4991e+15  0.3253  2.7765
1.8810  8.5395  1.5782  3.5140e+15  0.3253  2.7746
1.8790  8.5305  1.5733  3.5290e+15  0.3253  2.7726
1.8770  8.5214  1.5686  3.5440e+15  0.3253  2.7707
1.8750  8.5125  1.5640  3.5591e+15  0.3252  2.7687
1.8730  8.5035  1.5595  3.5743e+15  0.3252  2.7668
1.8709  8.4946  1.5551  3.5895e+15  0.3252  2.7648
1.8689  8.4857  1.5508  3.6048e+15  0.3252  2.7628
1.8669  8.4769  1.5467  3.6201e+15  0.3252  2.7608
1.8649  8.4680  1.5426  3.6356e+15  0.3252  2.7587
1.8628  8.4593  1.5387  3.6510e+15  0.3252  2.7567
1.8608  8.4505  1.5349  3.6666e+15  0.3251  2.7546
1.8587  8.4419  1.5312  3.6822e+15  0.3251  2.7526
1.8567  8.4332  1.5276  3.6979e+15  0.3251  2.7505
1.8546  8.4246  1.5241  3.7136e+15  0.3251  2.7484
1.8526  8.4160  1.5207  3.7294e+15  0.3250  2.7463
1.8505  8.4075  1.5175  3.7453e+15  0.3250  2.7442
1.8485  8.3990  1.5143  3.7613e+15  0.3250  2.7421
1.8464  8.3905  1.5112  3.7773e+15  0.3249  2.7400
1.8444  8.3821  1.5083  3.7934e+15  0.3249  2.7378
1.8423  8.3737  1.5054  3.8095e+15  0.3249  2.7357
1.8403  8.3653  1.5027  3.8257e+15  0.3248  2.7335
1.8382  8.3570  1.5001  3.8420e+15  0.3248  2.7314
1.8361  8.3487  1.4975  3.8584e+15  0.3248  2.7292
1.8341  8.3405  1.4951  3.8748e+15  0.3247  2.7270
1.8320  8.3323  1.4927  3.8913e+15  0.3247  2.7248
1.8299  8.3242  1.4904  3.9079e+15  0.3246  2.7226
1.8279  8.3160  1.4882  3.9245e+15  0.3246  2.7204
1.8258  8.3079  1.4861  3.9412e+15  0.3245  2.7182
1.8237  8.2999  1.4841  3.9580e+15  0.3245  2.7159
1.8216  8.2919  1.4822  3.9749e+15  0.3244  2.7137
1.8196  8.2839  1.4804  3.9918e+15  0.3243  2.7115
1.8175  8.2761  1.4787  4.0088e+15  0.3243  2.7092
1.8155  8.2683  1.4770  4.0259e+15  0.3242  2.7070
1.8134  8.2605  1.4755  4.0430e+15  0.3242  2.7048
1.8114  8.2528  1.4741  4.0602e+15  0.3241  2.7025
1.8093  8.2451  1.4727  4.0775e+15  0.3240  2.7003
1.8073  8.2375  1.4715  4.0949e+15  0.3240  2.6980
1.8052  8.2299  1.4703  4.1123e+15  0.3239  2.6957
1.8032  8.2224  1.4692  4.1298e+15  0.3238  2.6935
1.8011  8.2148  1.4683  4.1474e+15  0.3238  2.6912
1.7991  8.2074  1.4674  4.1651e+15  0.3237  2.6889
1.7971  8.2000  1.4666  4.1828e+15  0.3236  2.6866
1.7950  8.1926  1.4659  4.2006e+15  0.3235  2.6844
1.7930  8.1853  1.4653  4.2185e+15  0.3235  2.6821
1.7909  8.1780  1.4648  4.2365e+15  0.3234  2.6798
1.7889  8.1707  1.4643  4.2545e+15  0.3233  2.6775
1.7869  8.1635  1.4639  4.2726e+15  0.3232  2.6751
1.7848  8.1564  1.4635  4.2908e+15  0.3231  2.6728
1.7828  8.1492  1.4632  4.3091e+15  0.3230  2.6705
1.7808  8.1422  1.4630  4.3274e+15  0.3230  2.6682
1.7788  8.1351  1.4629  4.3458e+15  0.3229  2.6659
1.7767  8.1281  1.4628  4.3643e+15  0.3228  2.6636
1.7747  8.1212  1.4629  4.3829e+15  0.3227  2.6612
1.7727  8.1143  1.4630  4.4016e+15  0.3226  2.6589
1.7707  8.1074  1.4632  4.4203e+15  0.3225  2.6566
1.7687  8.1006  1.4635  4.4392e+15  0.3224  2.6542
1.7666  8.0938  1.4639  4.4581e+15  0.3223  2.6519
1.7646  8.0871  1.4644  4.4770e+15  0.3222  2.6495
1.7626  8.0804  1.4650  4.4961e+15  0.3221  2.6472
1.7606  8.0737  1.4657  4.5153e+15  0.3220  2.6448
1.7586  8.0671  1.4664  4.5345e+15  0.3219  2.6425
1.7566  8.0606  1.4672  4.5538e+15  0.3218  2.6401
1.7546  8.0540  1.4681  4.5732e+15  0.3217  2.6378
1.7526  8.0476  1.4690  4.5927e+15  0.3216  2.6354
1.7506  8.0411  1.4701  4.6122e+15  0.3215  2.6331
1.7486  8.0347  1.4712  4.6318e+15  0.3214  2.6307
1.7466  8.0284  1.4724  4.6516e+15  0.3213  2.6284
1.7447  8.0221  1.4736  4.6714e+15  0.3211  2.6260
1.7427  8.0158  1.4750  4.6913e+15  0.3210  2.6236
1.7407  8.0096  1.4764  4.7112e+15  0.3209  2.6213
1.7387  8.0034  1.4780  4.7313e+15  0.3208  2.6189
1.7368  7.9973  1.4796  4.7514e+15  0.3207  2.6166
1.7348  7.9913  1.4812  4.7717e+15  0.3206  2.6142
1.7329  7.9852  1.4829  4.7920e+15  0.3204  2.6119
1.7309  7.9793  1.4845  4.8124e+15  0.3203  2.6095
1.7290  7.9733  1.4863  4.8329e+15  0.3202  2.6072
1.7270  7.9675  1.4882  4.8535e+15  0.3201  2.6048
1.7251  7.9616  1.4901  4.8741e+15  0.3200  2.6025
1.7232  7.9558  1.4921  4.8949e+15  0.3198  2.6002
1.7212  7.9501  1.4942  4.9157e+15  0.3197  2.5978
1.7193  7.9444  1.4964  4.9367e+15  0.3196  2.5955
1.7174  7.9387  1.4987  4.9577e+15  0.3194  2.5931
1.7155  7.9331  1.5011  4.9788e+15  0.3193  2.5908
1.7136  7.9276  1.5036  5.0000e+15  0.3192  2.5885
